Физика-11А-1 1 8 1 1 11111111111111111111111111111111111 1 БордунИВ 1 11А 1 313
Физика-11А-2 1 8 1 1 11111111111111111111111111111111111 1 БордунИВ 1 11А 1 313
Физика-11А-3 1 8 1 1 11111111111111111111111111111111111 1 БордунИВ 1 11А 1 313
Русский-11А-1 2 8 1 1 11111111111111111111111111111111111 1 ТюменцеваСН 1 11А 1 404
Русский-11А-2 2 8 1 1 11111111111111111111111111111111111 1 ТюменцеваСН 1 11А 1 404
Русский-11А-3 2 8 1 1 11111111111111111111111111111111111 1 ТюменцеваСН 1 11А 1 404
Русский-11А-4 2 8 1 1 11111111111111111111111111111111111 1 ТюменцеваСН 1 11А 1 404
Русский-11А-5 2 8 1 1 11111111111111111111111111111111111 1 ТюменцеваСН 1 11А 1 404
Математика-11А-1 3 8 1 1 11111111111111111111111111111111111 1 ЩукинаЛВ 1 11А 1 304
Математика-11А-2 3 8 1 1 11111111111111111111111111111111111 1 ЩукинаЛВ 1 11А 1 304
Математика-11А-3 3 8 1 1 11111111111111111111111111111111111 1 ЩукинаЛВ 1 11А 1 304
Математика-11А-4 3 8 1 1 11111111111111111111111111111111111 1 ЩукинаЛВ 1 11А 1 304
Математика-11А-5 3 8 1 1 11111111111111111111111111111111111 1 ЩукинаЛВ 1 11А 1 304
Информатика-11А-1 4 8 1 2 11111111111111111111111111111111111 2 ЕевАВ БордунВН 1 11А 2 209 210
Информатика-11А-2 4 8 1 2 11111111111111111111111111111111111 2 ЕевАВ БордунВН 1 11А 2 209 210
Химия-11А-1 5 8 1 1 11111111111111111111111111111111111 1 ТалаковаВА 1 11А 1 412
Химия-11А-2 5 8 1 1 11111111111111111111111111111111111 1 ТалаковаВА 1 11А 1 412
Биология-11А-1 6 8 1 1 11111111111111111111111111111111111 1 ТалаковаВА 1 11А 1 412
География-11А-1 7 8 1 1 11111111111111111111111111111111111 1 ГерасимоваИМ 1 11А 1 301
История-11А-1 8 8 1 1 11111111111111111111111111111111111 1 ОвчинниковДВ 1 11А 1 403
История-11А-2 8 8 1 1 11111111111111111111111111111111111 1 ОвчинниковДВ 1 11А 1 403
Общество-11А-1 9 8 1 1 11111111111111111111111111111111111 1 ОвчинниковДВ 1 11А 1 403
Общество-11А-2 9 8 1 1 11111111111111111111111111111111111 1 ОвчинниковДВ 1 11А 1 403
Английский-11А-1 10 8 1 2 11111111111111111111111111111111111 2 ИевлеваВВ ГорловаТГ 1 11А 2 207 407
Английский-11А-2 10 8 1 2 11111111111111111111111111111111111 2 ИевлеваВВ ГорловаТГ 1 11А 2 207 407
Английский-11А-3 10 8 1 2 11111111111111111111111111111111111 2 ИевлеваВВ ГорловаТГ 1 11А 2 207 407
ФизРа-11А-1 11 8 1 1 11111111111111111111111111111111111 2 ХрулевОА КиселеваЕБ 1 11А 2 Зал1 Зал2
ФизРа-11А-2 11 8 1 1 11111111111111111111111111111111111 2 ХрулевОА КиселеваЕБ 1 11А 2 Зал1 Зал2
ФизРа-11А-3 11 8 1 1 11111111111111111111111111111111111 2 ХрулевОА КиселеваЕБ 1 11А 2 Зал1 Зал2
ОБЖ-11А-1 12 8 1 1 11111111111111111111111111111111111 1 ЩукинаЛВ 1 11А 1 304
Искусство-11А-1 13 8 1 1 11111111111111111111111111111111111 1 СабитоваИВ 1 11А 1 Библиотека
Технология-11Б-1 14 8 1 1 11111111111111111111111111111111111 1 ЩукинаЛВ 1 11Б 1 304
Физика-11Б-1 1 8 1 1 11111111111111111111111111111111111 1 БордунИВ 1 11Б 1 313
Физика-11Б-2 1 8 1 1 11111111111111111111111111111111111 1 БордунИВ 1 11Б 1 313
Физика-11Б-3 1 8 1 1 11111111111111111111111111111111111 1 БордунИВ 1 11Б 1 313
Русский-11Б-1 2 8 1 1 11111111111111111111111111111111111 1 ДорошенкоЮВ 1 11Б 1 312
Русский-11Б-2 2 8 1 1 11111111111111111111111111111111111 1 ДорошенкоЮВ 1 11Б 1 312
Русский-11Б-3 2 8 1 1 11111111111111111111111111111111111 1 ДорошенкоЮВ 1 11Б 1 312
Русский-11Б-4 2 8 1 1 11111111111111111111111111111111111 1 ДорошенкоЮВ 1 11Б 1 312
Русский-11Б-5 2 8 1 1 11111111111111111111111111111111111 1 ДорошенкоЮВ 1 11Б 1 312
Математика-11Б-1 3 8 1 1 11111111111111111111111111111111111 1 ЩукинаЛВ 1 11Б 1 304
Математика-11Б-2 3 8 1 1 11111111111111111111111111111111111 1 ЩукинаЛВ 1 11Б 1 304
Математика-11Б-3 3 8 1 1 11111111111111111111111111111111111 1 ЩукинаЛВ 1 11Б 1 304
Математика-11Б-4 3 8 1 1 11111111111111111111111111111111111 1 ЩукинаЛВ 1 11Б 1 304
Математика-11Б-5 3 8 1 1 11111111111111111111111111111111111 1 ЩукинаЛВ 1 11Б 1 304
Информатика-11Б-1 4 8 1 2 11111111111111111111111111111111111 2 ЕевАВ БордунВН 1 11Б 2 209 210
Информатика-11Б-2 4 8 1 2 11111111111111111111111111111111111 2 ЕевАВ БордунВН 1 11Б 2 209 210
Химия-11Б-1 5 8 1 1 11111111111111111111111111111111111 1 БубноваЛД 1 11Б 1 414
Химия-11Б-2 5 8 1 1 11111111111111111111111111111111111 1 БубноваЛД 1 11Б 1 414
Биология-11Б-1 6 8 1 1 11111111111111111111111111111111111 1 ТалаковаВА 1 11Б 1 412
География-11Б-1 7 8 1 1 11111111111111111111111111111111111 1 ГерасимоваИМ 1 11Б 1 301
История-11Б-1 8 8 1 1 11111111111111111111111111111111111 1 ОвчинниковДВ 1 11Б 1 403
История-11Б-2 8 8 1 1 11111111111111111111111111111111111 1 ОвчинниковДВ 1 11Б 1 403
Общество-11Б-1 9 8 1 1 11111111111111111111111111111111111 1 ОвчинниковДВ 1 11Б 1 403
Общество-11Б-2 9 8 1 1 11111111111111111111111111111111111 1 ОвчинниковДВ 1 11Б 1 403
Английский-11Б-1 10 8 1 2 11111111111111111111111111111111111 2 ИевлеваВВ СимоноваНВ 1 11Б 2 207 405
Английский-11Б-2 10 8 1 2 11111111111111111111111111111111111 2 ИевлеваВВ СимоноваНВ 1 11Б 2 207 405
Английский-11Б-3 10 8 1 2 11111111111111111111111111111111111 2 ИевлеваВВ СимоноваНВ 1 11Б 2 207 405
ФизРа-11Б-1 11 8 1 1 11111111111111111111111111111111111 2 ХрулевОА КиселеваЕБ 1 11Б 2 Зал1 Зал2
ФизРа-11Б-2 11 8 1 1 11111111111111111111111111111111111 2 ХрулевОА КиселеваЕБ 1 11Б 2 Зал1 Зал2
ФизРа-11Б-3 11 8 1 1 11111111111111111111111111111111111 2 ХрулевОА КиселеваЕБ 1 11Б 2 Зал1 Зал2
ОБЖ-11Б-1 12 8 1 1 11111111111111111111111111111111111 1 ГерасимоваИМ 1 11Б 1 301
Искусство-11Б-1 13 8 1 1 11111111111111111111111111111111111 1 СабитоваИВ 1 11Б 1 Библиотека
Технология-11Б-1 14 8 1 1 11111111111111111111111111111111111 1 ГерасимоваИМ 1 11Б 1 301
Физика-10А-1 1 8 1 1 11111111111111111111111111111111111 1 ПриходькоЕН 1 10А 1 409
Физика-10А-2 1 8 1 1 11111111111111111111111111111111111 1 ПриходькоЕН 1 10А 1 409
Русский-10А-1 2 8 1 1 11111111111111111111111111111111111 1 АсаеваГС 1 10А 1 309
Русский-10А-2 2 8 1 1 11111111111111111111111111111111111 1 АсаеваГС 1 10А 1 309
Русский-10А-3 2 8 1 1 11111111111111111111111111111111111 1 АсаеваГС 1 10А 1 309
Русский-10А-4 2 8 1 1 11111111111111111111111111111111111 1 АсаеваГС 1 10А 1 309
Русский-10А-5 2 8 1 1 11111111111111111111111111111111111 1 АсаеваГС 1 10А 1 309
Математика-10А-1 3 8 1 1 11111111111111111111111111111111111 1 БолотоваИИ 1 10А 1 303
Математика-10А-2 3 8 1 1 11111111111111111111111111111111111 1 БолотоваИИ 1 10А 1 303
Математика-10А-3 3 8 1 1 11111111111111111111111111111111111 1 БолотоваИИ 1 10А 1 303
Математика-10А-4 3 8 1 1 11111111111111111111111111111111111 1 БолотоваИИ 1 10А 1 303
Математика-10А-5 3 8 1 1 11111111111111111111111111111111111 1 БолотоваИИ 1 10А 1 303
Информатика-10А-1 4 8 1 2 11111111111111111111111111111111111 2 ЕевАВ БордунВН 1 10А 2 209 210
Информатика-10А-2 4 8 1 2 11111111111111111111111111111111111 2 ЕевАВ БордунВН 1 10А 2 209 210
Химия-10А-1 5 8 1 1 11111111111111111111111111111111111 1 ТалаковаВА 1 10А 1 412
Биология-10А-1 6 8 1 1 11111111111111111111111111111111111 1 ТалаковаВА 1 10А 1 412
География-10А-1 7 8 1 1 11111111111111111111111111111111111 1 ГерасимоваИМ 1 10А 1 301
История-10А-1 8 8 1 1 11111111111111111111111111111111111 1 ОвчинниковДВ 1 10А 1 403
История-10А-2 8 8 1 1 11111111111111111111111111111111111 1 ОвчинниковДВ 1 10А 1 403
Общество-10А-1 9 8 1 1 11111111111111111111111111111111111 1 ОвчинниковДВ 1 10А 1 403
Общество-10А-2 9 8 1 1 11111111111111111111111111111111111 1 ОвчинниковДВ 1 10А 1 403
Английский-10А-1 10 8 1 2 11111111111111111111111111111111111 2 ГорловаТГ МалаковаОВ 1 10А 4 407 214 401 207
Английский-10А-2 10 8 1 2 11111111111111111111111111111111111 2 ГорловаТГ МалаковаОВ 1 10А 4 407 214 401 207
Английский-10А-3 10 8 1 2 11111111111111111111111111111111111 2 ГорловаТГ МалаковаОВ 1 10А 4 407 214 401 207
ФизРа-10А-1 11 8 1 1 11111111111111111111111111111111111 2 ТарабринГВ КиселеваЕБ 1 10А 2 Зал1 Зал2
ФизРа-10А-2 11 8 1 1 11111111111111111111111111111111111 2 ТарабринГВ КиселеваЕБ 1 10А 2 Зал1 Зал2
ФизРа-10А-3 11 8 1 1 11111111111111111111111111111111111 2 ТарабринГВ КиселеваЕБ 1 10А 2 Зал1 Зал2
ОБЖ-10А-1 12 8 1 1 11111111111111111111111111111111111 1 ГорловаТГ 1 10А 1 407
Искусство-10А-1 13 8 1 1 11111111111111111111111111111111111 1 СабитоваИВ 1 10А 1 Библиотека
Физика-10Б-1 1 8 1 1 11111111111111111111111111111111111 1 ПриходькоЕН 1 10Б 1 409
Физика-10Б-2 1 8 1 1 11111111111111111111111111111111111 1 ПриходькоЕН 1 10Б 1 409
Русский-10Б-1 2 8 1 1 11111111111111111111111111111111111 1 ДьяковаОИ 1 10Б 1 302
Русский-10Б-2 2 8 1 1 11111111111111111111111111111111111 1 ДьяковаОИ 1 10Б 1 302
Русский-10Б-3 2 8 1 1 11111111111111111111111111111111111 1 ДьяковаОИ 1 10Б 1 302
Русский-10Б-4 2 8 1 1 11111111111111111111111111111111111 1 ДьяковаОИ 1 10Б 1 302
Русский-10Б-5 2 8 1 1 11111111111111111111111111111111111 1 ДьяковаОИ 1 10Б 1 302
Математика-10Б-1 3 8 1 1 11111111111111111111111111111111111 1 ЩукинаЛВ 1 10Б 1 304
Математика-10Б-2 3 8 1 1 11111111111111111111111111111111111 1 ЩукинаЛВ 1 10Б 1 304
Математика-10Б-3 3 8 1 1 11111111111111111111111111111111111 1 ЩукинаЛВ 1 10Б 1 304
Математика-10Б-4 3 8 1 1 11111111111111111111111111111111111 1 ЩукинаЛВ 1 10Б 1 304
Математика-10Б-5 3 8 1 1 11111111111111111111111111111111111 1 ЩукинаЛВ 1 10Б 1 304
Информатика-10Б-1 4 8 1 2 11111111111111111111111111111111111 2 ЕевАВ БордунВН 1 10Б 2 209 210
Информатика-10Б-2 4 8 1 2 11111111111111111111111111111111111 2 ЕевАВ БордунВН 1 10Б 2 209 210
Химия-10Б-1 5 8 1 1 11111111111111111111111111111111111 1 БубноваЛД 1 10Б 1 414
Биология-10Б-1 6 8 1 1 11111111111111111111111111111111111 1 ТалаковаВА 1 10Б 1 412
География-10Б-1 7 8 1 1 11111111111111111111111111111111111 1 ГерасимоваИМ 1 10Б 1 301
История-10Б-1 8 8 1 1 11111111111111111111111111111111111 1 ОвчинниковДВ 1 10Б 1 403
История-10Б-2 8 8 1 1 11111111111111111111111111111111111 1 ОвчинниковДВ 1 10Б 1 403
Общество-10Б-1 9 8 1 1 11111111111111111111111111111111111 1 ОвчинниковДВ 1 10Б 1 403
Общество-10Б-2 9 8 1 1 11111111111111111111111111111111111 1 ОвчинниковДВ 1 10Б 1 403
Английский-10Б-1 10 8 1 2 11111111111111111111111111111111111 2 ГорловаТГ ПавленкоОП 1 10Б 2 407 214
Английский-10Б-2 10 8 1 2 11111111111111111111111111111111111 2 ГорловаТГ ПавленкоОП 1 10Б 2 407 214
Английский-10Б-3 10 8 1 2 11111111111111111111111111111111111 2 ГорловаТГ ПавленкоОП 1 10Б 2 407 214
ФизРа-10Б-1 11 8 1 1 11111111111111111111111111111111111 2 ТарабринГВ КиселеваЕБ 1 10Б 2 Зал1 Зал2
ФизРа-10Б-2 11 8 1 1 11111111111111111111111111111111111 2 ТарабринГВ КиселеваЕБ 1 10Б 2 Зал1 Зал2
ФизРа-10Б-3 11 8 1 1 11111111111111111111111111111111111 2 ТарабринГВ КиселеваЕБ 1 10Б 2 Зал1 Зал2
ОБЖ-10Б-1 12 8 1 1 11111111111111111111111111111111111 1 ДьяковаОИ 1 10Б 1 302
Искусство-10Б-1 13 8 1 1 11111111111111111111111111111111111 1 СабитоваИВ 1 10Б 1 Библиотека
Физика-10В-1 1 8 1 1 11111111111111111111111111111111111 1 БордунИВ 1 10В 1 313
Физика-10В-2 1 8 1 1 11111111111111111111111111111111111 1 БордунИВ 1 10В 1 313
Русский-10В-1-2 2 8 1 1 11111111111111111111111111111111111 1 МироповаЛА 1 10В 1 311
Русский-10В-2 2 8 1 1 11111111111111111111111111111111111 1 МироповаЛА 1 10В 1 311
Русский-10В-3 2 8 1 1 11111111111111111111111111111111111 1 МироповаЛА 1 10В 1 311
Русский-10В-4 2 8 1 1 11111111111111111111111111111111111 1 МироповаЛА 1 10В 1 311
Русский-10В-5 2 8 1 1 11111111111111111111111111111111111 1 МироповаЛА 1 10В 1 311
Математика-10В-1 3 8 1 1 11111111111111111111111111111111111 1 ОсташеваИЮ 1 10В 1 415
Математика-10В-2 3 8 1 1 11111111111111111111111111111111111 1 ОсташеваИЮ 1 10В 1 415
Математика-10В-3 3 8 1 1 11111111111111111111111111111111111 1 ОсташеваИЮ 1 10В 1 415
Математика-10В-4 3 8 1 1 11111111111111111111111111111111111 1 ОсташеваИЮ 1 10В 1 415
Математика-10В-5 3 8 1 1 11111111111111111111111111111111111 1 ОсташеваИЮ 1 10В 1 415
Информатика-10В-1 4 8 1 2 11111111111111111111111111111111111 2 ЕевАВ БордунВН 1 10В 2 209 210
Информатика-10В-2 4 8 1 2 11111111111111111111111111111111111 2 ЕевАВ БордунВН 1 10В 2 209 210
Химия-10В-1 5 8 1 1 11111111111111111111111111111111111 1 БубноваЛД 1 10В 1 412
Биология-10В-1 6 8 1 1 11111111111111111111111111111111111 1 БубноваЛД 1 10В 1 412
География-10В-1 7 8 1 1 11111111111111111111111111111111111 1 ГерасимоваИМ 1 10В 1 301
История-10В-1 8 8 1 1 11111111111111111111111111111111111 1 ОвчинниковДВ 1 10В 1 403
История-10В-2 8 8 1 1 11111111111111111111111111111111111 1 ОвчинниковДВ 1 10В 1 403
Общество-10В-1 9 8 1 1 11111111111111111111111111111111111 1 ОвчинниковДВ 1 10В 1 403
Общество-10В-2 9 8 1 1 11111111111111111111111111111111111 1 ОвчинниковДВ 1 10В 1 403
Английский-10В-1 10 8 1 2 11111111111111111111111111111111111 2 ИевлеваВВ СимоноваНВ 1 10В 2 207 405
Английский-10В-2 10 8 1 2 11111111111111111111111111111111111 2 ИевлеваВВ СимоноваНВ 1 10В 2 207 405
Английский-10В-3 10 8 1 2 11111111111111111111111111111111111 2 ИевлеваВВ СимоноваНВ 1 10В 2 207 405
ФизРа-10В-1 11 8 1 1 11111111111111111111111111111111111 2 ХрулевОА КиселеваЕБ 1 10В 2 Зал1 Зал2
ФизРа-10В-2 11 8 1 1 11111111111111111111111111111111111 2 ХрулевОА КиселеваЕБ 1 10В 2 Зал1 Зал2
ФизРа-10В-3 11 8 1 1 11111111111111111111111111111111111 2 ХрулевОА КиселеваЕБ 1 10В 2 Зал1 Зал2
ОБЖ-10В-1 12 8 1 1 11111111111111111111111111111111111 1 ОвчинниковДВ 1 10В 1 403
Искусство-10В-1 13 8 1 1 11111111111111111111111111111111111 1 СабитоваИВ 1 10В 1 Библиотека