Физика-11А-1 1 8 1 1 11111111111111111111111111111111111 1 БордунИВ 1 11А 1 313
Физика-11А-2 1 8 1 1 11111111111111111111111111111111111 1 БордунИВ 1 11А 1 313
Физика-11А-3 1 8 1 1 11111111111111111111111111111111111 1 БордунИВ 1 11А 1 313
Русский-11А-1 2 8 1 1 11111111111111111111111111111111111 1 ТюменцеваСН 1 11А 1 404
Русский-11А-2 2 8 1 1 11111111111111111111111111111111111 1 ТюменцеваСН 1 11А 1 404
Русский-11А-3 2 8 1 1 11111111111111111111111111111111111 1 ТюменцеваСН 1 11А 1 404
Литература-11А-1 15 8 1 1 11111111111111111111111111111111111 1 ТюменцеваСН 1 11А 1 404
Литература-11А-2 15 8 1 1 11111111111111111111111111111111111 1 ТюменцеваСН 1 11А 1 404
Математика-11А-1 3 8 1 1 11111111111111111111111111111111111 1 ЩукинаЛВ 1 11А 1 304
Математика-11А-2 3 8 1 1 11111111111111111111111111111111111 1 ЩукинаЛВ 1 11А 1 304
Математика-11А-3 3 8 1 1 11111111111111111111111111111111111 1 ЩукинаЛВ 1 11А 1 304
Математика-11А-4 3 8 1 1 11111111111111111111111111111111111 1 ЩукинаЛВ 1 11А 1 304
Математика-11А-5 3 8 1 1 11111111111111111111111111111111111 1 ЩукинаЛВ 1 11А 1 304
Информатика-11А-1 4 8 1 2 11111111111111111111111111111111111 2 ЕевАВ БордунВН 1 11А 2 209 210
Информатика-11А-2 4 8 1 2 11111111111111111111111111111111111 2 ЕевАВ БордунВН 1 11А 2 209 210
Химия-11А-1 5 8 1 1 11111111111111111111111111111111111 1 ТалаковаВА 1 11А 1 412
Химия-11А-2 5 8 1 1 11111111111111111111111111111111111 1 ТалаковаВА 1 11А 1 412
Биология-11А-1 6 8 1 1 11111111111111111111111111111111111 1 ТалаковаВА 1 11А 1 412
География-11А-1 7 8 1 1 11111111111111111111111111111111111 1 ГерасимоваИМ 1 11А 1 301
История-11А-1 8 8 1 1 11111111111111111111111111111111111 1 ОвчинниковДВ 1 11А 1 403
История-11А-2 8 8 1 1 11111111111111111111111111111111111 1 ОвчинниковДВ 1 11А 1 403
Общество-11А-1 9 8 1 1 11111111111111111111111111111111111 1 ОвчинниковДВ 1 11А 1 403
Общество-11А-2 9 8 1 1 11111111111111111111111111111111111 1 ОвчинниковДВ 1 11А 1 403
Английский-11А-1 10 8 1 2 11111111111111111111111111111111111 2 ИевлеваВВ ГорловаТГ 1 11А 2 207 407
Английский-11А-2 10 8 1 2 11111111111111111111111111111111111 2 ИевлеваВВ ГорловаТГ 1 11А 2 207 407
Английский-11А-3 10 8 1 2 11111111111111111111111111111111111 2 ИевлеваВВ ГорловаТГ 1 11А 2 207 407
ФизРа-11А-1 11 8 1 1 11111111111111111111111111111111111 2 ХрулевОА КиселеваЕБ 1 11А 2 Зал1 Зал2
ФизРа-11А-2 11 8 1 1 11111111111111111111111111111111111 2 ХрулевОА КиселеваЕБ 1 11А 2 Зал1 Зал2
ФизРа-11А-3 11 8 1 1 11111111111111111111111111111111111 2 ХрулевОА КиселеваЕБ 1 11А 2 Зал1 Зал2
ОБЖ-11А-1 12 8 1 1 11111111111111111111111111111111111 1 ЩукинаЛВ 1 11А 1 304
Искусство-11А-1 13 8 1 1 11111111111111111111111111111111111 1 СабитоваИВ 1 11А 1 Библиотека
Технология-11Б-1 14 8 1 1 11111111111111111111111111111111111 1 ЩукинаЛВ 1 11Б 1 304
Физика-11Б-1 1 8 1 1 11111111111111111111111111111111111 1 БордунИВ 1 11Б 1 313
Физика-11Б-2 1 8 1 1 11111111111111111111111111111111111 1 БордунИВ 1 11Б 1 313
Физика-11Б-3 1 8 1 1 11111111111111111111111111111111111 1 БордунИВ 1 11Б 1 313
Русский-11Б-1 2 8 1 1 11111111111111111111111111111111111 1 ДорошенкоЮВ 1 11Б 1 312
Русский-11Б-2 2 8 1 1 11111111111111111111111111111111111 1 ДорошенкоЮВ 1 11Б 1 312
Русский-11Б-3 2 8 1 1 11111111111111111111111111111111111 1 ДорошенкоЮВ 1 11Б 1 312
Литература-11Б-1 15 8 1 1 11111111111111111111111111111111111 1 ДорошенкоЮВ 1 11Б 1 312
Литература-11Б-2 15 8 1 1 11111111111111111111111111111111111 1 ДорошенкоЮВ 1 11Б 1 312
Математика-11Б-1 3 8 1 1 11111111111111111111111111111111111 1 ЩукинаЛВ 1 11Б 1 304
Математика-11Б-2 3 8 1 1 11111111111111111111111111111111111 1 ЩукинаЛВ 1 11Б 1 304
Математика-11Б-3 3 8 1 1 11111111111111111111111111111111111 1 ЩукинаЛВ 1 11Б 1 304
Математика-11Б-4 3 8 1 1 11111111111111111111111111111111111 1 ЩукинаЛВ 1 11Б 1 304
Математика-11Б-5 3 8 1 1 11111111111111111111111111111111111 1 ЩукинаЛВ 1 11Б 1 304
Информатика-11Б-1 4 8 1 2 11111111111111111111111111111111111 2 ЕевАВ БордунВН 1 11Б 2 209 210
Информатика-11Б-2 4 8 1 2 11111111111111111111111111111111111 2 ЕевАВ БордунВН 1 11Б 2 209 210
Химия-11Б-1 5 8 1 1 11111111111111111111111111111111111 1 БубноваЛД 1 11Б 1 414
Химия-11Б-2 5 8 1 1 11111111111111111111111111111111111 1 БубноваЛД 1 11Б 1 414
Биология-11Б-1 6 8 1 1 11111111111111111111111111111111111 1 ТалаковаВА 1 11Б 1 412
География-11Б-1 7 8 1 1 11111111111111111111111111111111111 1 ГерасимоваИМ 1 11Б 1 301
История-11Б-1 8 8 1 1 11111111111111111111111111111111111 1 ОвчинниковДВ 1 11Б 1 403
История-11Б-2 8 8 1 1 11111111111111111111111111111111111 1 ОвчинниковДВ 1 11Б 1 403
Общество-11Б-1 9 8 1 1 11111111111111111111111111111111111 1 ОвчинниковДВ 1 11Б 1 403
Общество-11Б-2 9 8 1 1 11111111111111111111111111111111111 1 ОвчинниковДВ 1 11Б 1 403
Английский-11Б-1 10 8 1 2 11111111111111111111111111111111111 2 ИевлеваВВ СимоноваНВ 1 11Б 2 207 405
Английский-11Б-2 10 8 1 2 11111111111111111111111111111111111 2 ИевлеваВВ СимоноваНВ 1 11Б 2 207 405
Английский-11Б-3 10 8 1 2 11111111111111111111111111111111111 2 ИевлеваВВ СимоноваНВ 1 11Б 2 207 405
ФизРа-11Б-1 11 8 1 1 11111111111111111111111111111111111 2 ХрулевОА КиселеваЕБ 1 11Б 2 Зал1 Зал2
ФизРа-11Б-2 11 8 1 1 11111111111111111111111111111111111 2 ХрулевОА КиселеваЕБ 1 11Б 2 Зал1 Зал2
ФизРа-11Б-3 11 8 1 1 11111111111111111111111111111111111 2 ХрулевОА КиселеваЕБ 1 11Б 2 Зал1 Зал2
ОБЖ-11Б-1 12 8 1 1 11111111111111111111111111111111111 1 ГерасимоваИМ 1 11Б 1 301
Искусство-11Б-1 13 8 1 1 11111111111111111111111111111111111 1 СабитоваИВ 1 11Б 1 Библиотека
Технология-11Б-1 14 8 1 1 11111111111111111111111111111111111 1 ГерасимоваИМ 1 11Б 1 301
Физика-10А-1 1 8 1 1 11111111111111111111111111111111111 1 ПриходькоЕН 1 10А 1 409
Физика-10А-2 1 8 1 1 11111111111111111111111111111111111 1 ПриходькоЕН 1 10А 1 409
Русский-10А-1 2 8 1 1 11111111111111111111111111111111111 1 АсаеваГС 1 10А 1 309
Русский-10А-2 2 8 1 1 11111111111111111111111111111111111 1 АсаеваГС 1 10А 1 309
Русский-10А-3 2 8 1 1 11111111111111111111111111111111111 1 АсаеваГС 1 10А 1 309
Литература-10А-1 15 8 1 1 11111111111111111111111111111111111 1 АсаеваГС 1 10А 1 309
Литература-10А-2 15 8 1 1 11111111111111111111111111111111111 1 АсаеваГС 1 10А 1 309
Математика-10А-1 3 8 1 1 11111111111111111111111111111111111 1 БолотоваИИ 1 10А 1 303
Математика-10А-2 3 8 1 1 11111111111111111111111111111111111 1 БолотоваИИ 1 10А 1 303
Математика-10А-3 3 8 1 1 11111111111111111111111111111111111 1 БолотоваИИ 1 10А 1 303
Математика-10А-4 3 8 1 1 11111111111111111111111111111111111 1 БолотоваИИ 1 10А 1 303
Математика-10А-5 3 8 1 1 11111111111111111111111111111111111 1 БолотоваИИ 1 10А 1 303
Информатика-10А-1 4 8 1 2 11111111111111111111111111111111111 2 ЕевАВ БордунВН 1 10А 2 209 210
Информатика-10А-2 4 8 1 2 11111111111111111111111111111111111 2 ЕевАВ БордунВН 1 10А 2 209 210
Химия-10А-1 5 8 1 1 11111111111111111111111111111111111 1 ТалаковаВА 1 10А 1 412
Биология-10А-1 6 8 1 1 11111111111111111111111111111111111 1 ТалаковаВА 1 10А 1 412
География-10А-1 7 8 1 1 11111111111111111111111111111111111 1 ГерасимоваИМ 1 10А 1 301
История-10А-1 8 8 1 1 11111111111111111111111111111111111 1 ОвчинниковДВ 1 10А 1 403
История-10А-2 8 8 1 1 11111111111111111111111111111111111 1 ОвчинниковДВ 1 10А 1 403
Общество-10А-1 9 8 1 1 11111111111111111111111111111111111 1 ОвчинниковДВ 1 10А 1 403
Общество-10А-2 9 8 1 1 11111111111111111111111111111111111 1 ОвчинниковДВ 1 10А 1 403
Английский-10А-1 10 8 1 2 11111111111111111111111111111111111 2 ГорловаТГ МалаковаОВ 1 10А 4 407 214 401 207
Английский-10А-2 10 8 1 2 11111111111111111111111111111111111 2 ГорловаТГ МалаковаОВ 1 10А 4 407 214 401 207
Английский-10А-3 10 8 1 2 11111111111111111111111111111111111 2 ГорловаТГ МалаковаОВ 1 10А 4 407 214 401 207
ФизРа-10А-1 11 8 1 1 11111111111111111111111111111111111 2 ТарабринГВ КиселеваЕБ 1 10А 2 Зал1 Зал2
ФизРа-10А-2 11 8 1 1 11111111111111111111111111111111111 2 ТарабринГВ КиселеваЕБ 1 10А 2 Зал1 Зал2
ФизРа-10А-3 11 8 1 1 11111111111111111111111111111111111 2 ТарабринГВ КиселеваЕБ 1 10А 2 Зал1 Зал2
ОБЖ-10А-1 12 8 1 1 11111111111111111111111111111111111 1 ГорловаТГ 1 10А 1 407
Искусство-10А-1 13 8 1 1 11111111111111111111111111111111111 1 СабитоваИВ 1 10А 1 Библиотека
Физика-10Б-1 1 8 1 1 11111111111111111111111111111111111 1 ПриходькоЕН 1 10Б 1 409
Физика-10Б-2 1 8 1 1 11111111111111111111111111111111111 1 ПриходькоЕН 1 10Б 1 409
Русский-10Б-1 2 8 1 1 11111111111111111111111111111111111 1 ДьяковаОИ 1 10Б 1 302
Русский-10Б-2 2 8 1 1 11111111111111111111111111111111111 1 ДьяковаОИ 1 10Б 1 302
Русский-10Б-3 2 8 1 1 11111111111111111111111111111111111 1 ДьяковаОИ 1 10Б 1 302
Литература-10Б-1 15 8 1 1 11111111111111111111111111111111111 1 ДьяковаОИ 1 10Б 1 302
Литература-10Б-2 15 8 1 1 11111111111111111111111111111111111 1 ДьяковаОИ 1 10Б 1 302
Математика-10Б-1 3 8 1 1 11111111111111111111111111111111111 1 ЩукинаЛВ 1 10Б 1 304
Математика-10Б-2 3 8 1 1 11111111111111111111111111111111111 1 ЩукинаЛВ 1 10Б 1 304
Математика-10Б-3 3 8 1 1 11111111111111111111111111111111111 1 ЩукинаЛВ 1 10Б 1 304
Математика-10Б-4 3 8 1 1 11111111111111111111111111111111111 1 ЩукинаЛВ 1 10Б 1 304
Математика-10Б-5 3 8 1 1 11111111111111111111111111111111111 1 ЩукинаЛВ 1 10Б 1 304
Информатика-10Б-1 4 8 1 2 11111111111111111111111111111111111 2 ЕевАВ БордунВН 1 10Б 2 209 210
Информатика-10Б-2 4 8 1 2 11111111111111111111111111111111111 2 ЕевАВ БордунВН 1 10Б 2 209 210
Химия-10Б-1 5 8 1 1 11111111111111111111111111111111111 1 БубноваЛД 1 10Б 1 414
Биология-10Б-1 6 8 1 1 11111111111111111111111111111111111 1 ТалаковаВА 1 10Б 1 412
География-10Б-1 7 8 1 1 11111111111111111111111111111111111 1 ГерасимоваИМ 1 10Б 1 301
История-10Б-1 8 8 1 1 11111111111111111111111111111111111 1 ОвчинниковДВ 1 10Б 1 403
История-10Б-2 8 8 1 1 11111111111111111111111111111111111 1 ОвчинниковДВ 1 10Б 1 403
Общество-10Б-1 9 8 1 1 11111111111111111111111111111111111 1 ОвчинниковДВ 1 10Б 1 403
Общество-10Б-2 9 8 1 1 11111111111111111111111111111111111 1 ОвчинниковДВ 1 10Б 1 403
Английский-10Б-1 10 8 1 2 11111111111111111111111111111111111 2 ГорловаТГ ПавленкоОП 1 10Б 2 407 214
Английский-10Б-2 10 8 1 2 11111111111111111111111111111111111 2 ГорловаТГ ПавленкоОП 1 10Б 2 407 214
Английский-10Б-3 10 8 1 2 11111111111111111111111111111111111 2 ГорловаТГ ПавленкоОП 1 10Б 2 407 214
ФизРа-10Б-1 11 8 1 1 11111111111111111111111111111111111 2 ТарабринГВ КиселеваЕБ 1 10Б 2 Зал1 Зал2
ФизРа-10Б-2 11 8 1 1 11111111111111111111111111111111111 2 ТарабринГВ КиселеваЕБ 1 10Б 2 Зал1 Зал2
ФизРа-10Б-3 11 8 1 1 11111111111111111111111111111111111 2 ТарабринГВ КиселеваЕБ 1 10Б 2 Зал1 Зал2
ОБЖ-10Б-1 12 8 1 1 11111111111111111111111111111111111 1 ДьяковаОИ 1 10Б 1 302
Искусство-10Б-1 13 8 1 1 11111111111111111111111111111111111 1 СабитоваИВ 1 10Б 1 Библиотека
Физика-10В-1 1 8 1 1 11111111111111111111111111111111111 1 БордунИВ 1 10В 1 313
Физика-10В-2 1 8 1 1 11111111111111111111111111111111111 1 БордунИВ 1 10В 1 313
Русский-10В-1 2 8 1 1 11111111111111111111111111111111111 1 МироповаЛА 1 10В 1 311
Русский-10В-2 2 8 1 1 11111111111111111111111111111111111 1 МироповаЛА 1 10В 1 311
Русский-10В-3 2 8 1 1 11111111111111111111111111111111111 1 МироповаЛА 1 10В 1 311
Литература-10В-1 15 8 1 1 11111111111111111111111111111111111 1 МироповаЛА 1 10В 1 311
Литература-10В-2 15 8 1 1 11111111111111111111111111111111111 1 МироповаЛА 1 10В 1 311
Математика-10В-1 3 8 1 1 11111111111111111111111111111111111 1 ОсташеваИЮ 1 10В 1 415
Математика-10В-2 3 8 1 1 11111111111111111111111111111111111 1 ОсташеваИЮ 1 10В 1 415
Математика-10В-3 3 8 1 1 11111111111111111111111111111111111 1 ОсташеваИЮ 1 10В 1 415
Математика-10В-4 3 8 1 1 11111111111111111111111111111111111 1 ОсташеваИЮ 1 10В 1 415
Математика-10В-5 3 8 1 1 11111111111111111111111111111111111 1 ОсташеваИЮ 1 10В 1 415
Информатика-10В-1 4 8 1 2 11111111111111111111111111111111111 2 ЕевАВ БордунВН 1 10В 2 209 210
Информатика-10В-2 4 8 1 2 11111111111111111111111111111111111 2 ЕевАВ БордунВН 1 10В 2 209 210
Химия-10В-1 5 8 1 1 11111111111111111111111111111111111 1 БубноваЛД 1 10В 1 414
Биология-10В-1 6 8 1 1 11111111111111111111111111111111111 1 БубноваЛД 1 10В 1 414
География-10В-1 7 8 1 1 11111111111111111111111111111111111 1 ГерасимоваИМ 1 10В 1 301
История-10В-1 8 8 1 1 11111111111111111111111111111111111 1 ОвчинниковДВ 1 10В 1 403
История-10В-2 8 8 1 1 11111111111111111111111111111111111 1 ОвчинниковДВ 1 10В 1 403
Общество-10В-1 9 8 1 1 11111111111111111111111111111111111 1 ОвчинниковДВ 1 10В 1 403
Общество-10В-2 9 8 1 1 11111111111111111111111111111111111 1 ОвчинниковДВ 1 10В 1 403
Английский-10В-1 10 8 1 2 11111111111111111111111111111111111 2 ИевлеваВВ СимоноваНВ 1 10В 2 207 405
Английский-10В-2 10 8 1 2 11111111111111111111111111111111111 2 ИевлеваВВ СимоноваНВ 1 10В 2 207 405
Английский-10В-3 10 8 1 2 11111111111111111111111111111111111 2 ИевлеваВВ СимоноваНВ 1 10В 2 207 405
ФизРа-10В-1 11 8 1 1 11111111111111111111111111111111111 2 ХрулевОА КиселеваЕБ 1 10В 2 Зал1 Зал2
ФизРа-10В-2 11 8 1 1 11111111111111111111111111111111111 2 ХрулевОА КиселеваЕБ 1 10В 2 Зал1 Зал2
ФизРа-10В-3 11 8 1 1 11111111111111111111111111111111111 2 ХрулевОА КиселеваЕБ 1 10В 2 Зал1 Зал2
ОБЖ-10В-1 12 8 1 1 11111111111111111111111111111111111 1 ОвчинниковДВ 1 10В 1 403
Искусство-10В-1 13 8 1 1 11111111111111111111111111111111111 1 СабитоваИВ 1 10В 1 Библиотека
Физика-9А-1 1 8 1 1 11111111111111111111111111111111111 1 ПриходькоЕН 1 9А 1 409
Физика-9А-2 1 8 1 1 11111111111111111111111111111111111 1 ПриходькоЕН 1 9А 1 409
Русский-9А-1 2 8 1 1 11111111111111111111111111111111111 1 ХрулеваНВ 1 9А 1 402
Русский-9А-2 2 8 1 1 11111111111111111111111111111111111 1 ХрулеваНВ 1 9А 1 402
Русский-9А-3 2 8 1 1 11111111111111111111111111111111111 1 ХрулеваНВ 1 9А 1 402
Литература-9А-1 15 8 1 1 11111111111111111111111111111111111 1 ХрулеваНВ 1 9А 1 402
Литература-9А-2 15 8 1 1 11111111111111111111111111111111111 1 ХрулеваНВ 1 9А 1 402
Математика-9А-1 3 8 1 1 11111111111111111111111111111111111 1 БолотоваИИ 1 9А 1 303
Математика-9А-2 3 8 1 1 11111111111111111111111111111111111 1 БолотоваИИ 1 9А 1 303
Математика-9А-3 3 8 1 1 11111111111111111111111111111111111 1 БолотоваИИ 1 9А 1 303
Математика-9А-4 3 8 1 1 11111111111111111111111111111111111 1 БолотоваИИ 1 9А 1 303
Математика-9А-5 3 8 1 1 11111111111111111111111111111111111 1 БолотоваИИ 1 9А 1 303
Информатика-9А-1 4 8 1 2 11111111111111111111111111111111111 2 ЕевАВ БордунВН 1 9А 2 209 210
Информатика-9А-2 4 8 1 2 11111111111111111111111111111111111 2 ЕевАВ БордунВН 1 9А 2 209 210
Химия-9А-1 5 8 1 1 11111111111111111111111111111111111 1 БубноваЛД 1 9А 1 414
Химия-9А-2 5 8 1 1 11111111111111111111111111111111111 1 БубноваЛД 1 9А 1 414
Биология-9А-1 6 8 1 1 11111111111111111111111111111111111 1 БубноваЛД 1 9А 1 414
Биология-9А-2 6 8 1 1 11111111111111111111111111111111111 1 БубноваЛД 1 9А 1 414
География-9А-1 7 8 1 1 11111111111111111111111111111111111 1 АлександроваАМ 1 9А 1 305
География-9А-2 7 8 1 1 11111111111111111111111111111111111 1 АлександроваАМ 1 9А 1 305
История-9А-1 8 8 1 1 11111111111111111111111111111111111 1 БольщиковаНФ 1 9А 3 403 401 404
История-9А-2 8 8 1 1 11111111111111111111111111111111111 1 БольщиковаНФ 1 9А 3 403 401 404
Общество-9А-1 9 8 1 1 11111111111111111111111111111111111 1 ЛяшенкоЮГ 1 9А 1 401
Английский-9А-1 10 8 1 2 11111111111111111111111111111111111 2 ГорловаТГ МалаковаОВ 1 9А 5 407 401 214 207 405 
Английский-9А-2 10 8 1 2 11111111111111111111111111111111111 2 ГорловаТГ МалаковаОВ 1 9А 5 407 401 214 207 405 
Английский-9А-3 10 8 1 2 11111111111111111111111111111111111 2 ГорловаТГ МалаковаОВ 1 9А 5 407 401 214 207 405 
ФизРа-9А-1 11 8 1 1 11111111111111111111111111111111111 1 ХрулевОА 1 9А 2 Зал1 Зал2
ФизРа-9А-1 11 8 1 1 11111111111111111111111111111111111 1 ХрулевОА 1 9А 2 Зал1 Зал2
ФизРа-9А-1 11 8 1 1 11111111111111111111111111111111111 1 ХрулевОА 1 9А 2 Зал1 Зал2
ОБЖ-9А-1 12 8 1 1 11111111111111111111111111111111111 1 МалаковаОВ 1 9А 3 403 401 404
Искусство-9А-1 13 8 1 1 11111111111111111111111111111111111 1 СабитоваИВ 1 9А 1 Библиотека
Физика-9Б-1 1 8 1 1 11111111111111111111111111111111111 1 БордунИВ 1 9Б 1 313
Физика-9Б-2 1 8 1 1 11111111111111111111111111111111111 1 БордунИВ 1 9Б 1 313
Русский-9Б-1 2 8 1 1 11111111111111111111111111111111111 1 АсаеваГС 1 9Б 1 309
Русский-9Б-2 2 8 1 1 11111111111111111111111111111111111 1 АсаеваГС 1 9Б 1 309
Русский-9Б-3 2 8 1 1 11111111111111111111111111111111111 1 АсаеваГС 1 9Б 1 309
Литература-9Б-1 15 8 1 1 11111111111111111111111111111111111 1 АсаеваГС 1 9Б 1 309
Литература-9Б-2 15 8 1 1 11111111111111111111111111111111111 1 АсаеваГС 1 9Б 1 309
Математика-9Б-1 3 8 1 1 11111111111111111111111111111111111 1 БордунИВ 1 9Б 1 313
Математика-9Б-2 3 8 1 1 11111111111111111111111111111111111 1 БордунИВ 1 9Б 1 313
Математика-9Б-3 3 8 1 1 11111111111111111111111111111111111 1 БордунИВ 1 9Б 1 313
Математика-9Б-4 3 8 1 1 11111111111111111111111111111111111 1 БордунИВ 1 9Б 1 313
Математика-9Б-5 3 8 1 1 11111111111111111111111111111111111 1 БордунИВ 1 9Б 1 313
Информатика-9Б-1 4 8 1 2 11111111111111111111111111111111111 2 ЕевАВ БордунВН 1 9Б 2 209 210
Информатика-9Б-2 4 8 1 2 11111111111111111111111111111111111 2 ЕевАВ БордунВН 1 9Б 2 209 210
Химия-9Б-1 5 8 1 1 11111111111111111111111111111111111 1 ТалаковаВА 1 9Б 1 412
Химия-9Б-2 5 8 1 1 11111111111111111111111111111111111 1 ТалаковаВА 1 9Б 1 412
Биология-9Б-1 6 8 1 1 11111111111111111111111111111111111 1 ТалаковаВА 1 9Б 1 412
Биология-9Б-2 6 8 1 1 11111111111111111111111111111111111 1 ТалаковаВА 1 9Б 1 412
География-9Б-1 7 8 1 1 11111111111111111111111111111111111 1 АлександроваАМ 1 9Б 1 305
География-9Б-2 7 8 1 1 11111111111111111111111111111111111 1 АлександроваАМ 1 9Б 1 305
История-9Б-1 8 8 1 1 11111111111111111111111111111111111 1 БольщиковаНФ 1 9Б 3 403 401 404
История-9Б-2 8 8 1 1 11111111111111111111111111111111111 1 БольщиковаНФ 1 9Б 3 403 401 404
Общество-9Б-1 9 8 1 1 11111111111111111111111111111111111 1 ЛяшенкоЮГ 1 9Б 1 401
Английский-9Б-1 10 8 1 2 11111111111111111111111111111111111 2 ПавленкоОП МалаковаОВ 1 9Б 5 407 401 214 207 405 
Английский-9Б-2 10 8 1 2 11111111111111111111111111111111111 2 ПавленкоОП МалаковаОВ 1 9Б 5 407 401 214 207 405 
Английский-9Б-3 10 8 1 2 11111111111111111111111111111111111 2 ПавленкоОП МалаковаОВ 1 9Б 5 407 401 214 207 405 
ФизРа-9Б-1 11 8 1 1 11111111111111111111111111111111111 1 ТарабринГВ 1 9Б 2 Зал1 Зал2
ФизРа-9Б-1 11 8 1 1 11111111111111111111111111111111111 1 ТарабринГВ 1 9Б 2 Зал1 Зал2
ФизРа-9Б-1 11 8 1 1 11111111111111111111111111111111111 1 ТарабринГВ 1 9Б 2 Зал1 Зал2
ОБЖ-9Б-1 12 8 1 1 11111111111111111111111111111111111 1 БордунИВ 1 9Б 1 313
Искусство-9Б-1 13 8 1 1 11111111111111111111111111111111111 1 СабитоваИВ 1 9Б 1 Библиотека
Физика-9В-1 1 8 1 1 11111111111111111111111111111111111 1 ПриходькоЕН 1 9В 1 409
Физика-9В-2 1 8 1 1 11111111111111111111111111111111111 1 ПриходькоЕН 1 9В 1 409
Русский-9В-1 2 8 1 1 11111111111111111111111111111111111 1 ДорошенкоЮВ 1 9В 1 312
Русский-9В-2 2 8 1 1 11111111111111111111111111111111111 1 ДорошенкоЮВ 1 9В 1 312
Русский-9В-3 2 8 1 1 11111111111111111111111111111111111 1 ДорошенкоЮВ 1 9В 1 312
Литература-9В-1 15 8 1 1 11111111111111111111111111111111111 1 ДорошенкоЮВ 1 9В 1 312
Литература-9В-2 15 8 1 1 11111111111111111111111111111111111 1 ДорошенкоЮВ 1 9В 1 312
Математика-9В-1 3 8 1 1 11111111111111111111111111111111111 1 ОсташеваИЮ 1 9В 1 415
Математика-9В-2 3 8 1 1 11111111111111111111111111111111111 1 ОсташеваИЮ 1 9В 1 415
Математика-9В-3 3 8 1 1 11111111111111111111111111111111111 1 ОсташеваИЮ 1 9В 1 415
Математика-9В-4 3 8 1 1 11111111111111111111111111111111111 1 ОсташеваИЮ 1 9В 1 415
Математика-9В-5 3 8 1 1 11111111111111111111111111111111111 1 ОсташеваИЮ 1 9В 1 415
Информатика-9В-1 4 8 1 2 11111111111111111111111111111111111 2 ЕевАВ БордунВН 1 9В 2 209 210
Информатика-9В-2 4 8 1 2 11111111111111111111111111111111111 2 ЕевАВ БордунВН 1 9В 2 209 210
Химия-9В-1 5 8 1 1 11111111111111111111111111111111111 1 БубноваЛД 1 9В 1 414
Химия-9В-2 5 8 1 1 11111111111111111111111111111111111 1 БубноваЛД 1 9В 1 414
Биология-9В-1 6 8 1 1 11111111111111111111111111111111111 1 БубноваЛД 1 9В 1 414
Биология-9В-2 6 8 1 1 11111111111111111111111111111111111 1 БубноваЛД 1 9В 1 414
География-9В-1 7 8 1 1 11111111111111111111111111111111111 1 АлександроваАМ 1 9В 1 305
География-9В-2 7 8 1 1 11111111111111111111111111111111111 1 АлександроваАМ 1 9В 1 305
История-9В-1 8 8 1 1 11111111111111111111111111111111111 1 БольщиковаНФ 1 9В 3 403 401 404
История-9В-2 8 8 1 1 11111111111111111111111111111111111 1 БольщиковаНФ 1 9В 3 403 401 404
Общество-9В-1 9 8 1 1 11111111111111111111111111111111111 1 ЛяшенкоЮГ 1 9В 1 401
Английский-9В-1 10 8 1 2 11111111111111111111111111111111111 2 ИевлеваВВ МалаковаОВ 1 9В 5 407 401 214 207 405 
Английский-9В-2 10 8 1 2 11111111111111111111111111111111111 2 ИевлеваВВ МалаковаОВ 1 9В 5 407 401 214 207 405 
Английский-9В-3 10 8 1 2 11111111111111111111111111111111111 2 ИевлеваВВ МалаковаОВ 1 9В 5 407 401 214 207 405 
ФизРа-9В-1 11 8 1 1 11111111111111111111111111111111111 1 ТарабринГВ 1 9В 2 Зал1 Зал2
ФизРа-9В-1 11 8 1 1 11111111111111111111111111111111111 1 ТарабринГВ 1 9В 2 Зал1 Зал2
ФизРа-9В-1 11 8 1 1 11111111111111111111111111111111111 1 ТарабринГВ 1 9В 2 Зал1 Зал2
ОБЖ-9В-1 12 8 1 1 11111111111111111111111111111111111 1 ДорошенкоЮВ 1 9В 1 312
Искусство-9В-1 13 8 1 1 11111111111111111111111111111111111 1 СабитоваИВ 1 9В 1 Библиотека
Физика-9Г-1 1 8 1 1 11111111111111111111111111111111111 1 БордунИВ 1 9Г 1 313
Физика-9Г-2 1 8 1 1 11111111111111111111111111111111111 1 БордунИВ 1 9Г 1 313
Русский-9Г-1 2 8 1 1 11111111111111111111111111111111111 1 ДорошенкоЮВ 1 9Г 1 312
Русский-9Г-2 2 8 1 1 11111111111111111111111111111111111 1 ДорошенкоЮВ 1 9Г 1 312
Русский-9Г-3 2 8 1 1 11111111111111111111111111111111111 1 ДорошенкоЮВ 1 9Г 1 312
Литература-9Г-1 15 8 1 1 11111111111111111111111111111111111 1 ДорошенкоЮВ 1 9Г 1 312
Литература-9Г-2 15 8 1 1 11111111111111111111111111111111111 1 ДорошенкоЮВ 1 9Г 1 312
Математика-9Г-1 3 8 1 1 11111111111111111111111111111111111 1 СавченкоЕИ 1 9Г 3 313 303 304
Математика-9Г-2 3 8 1 1 11111111111111111111111111111111111 1 СавченкоЕИ 1 9Г 3 313 303 304
Математика-9Г-3 3 8 1 1 11111111111111111111111111111111111 1 СавченкоЕИ 1 9Г 3 313 303 304
Математика-9Г-4 3 8 1 1 11111111111111111111111111111111111 1 СавченкоЕИ 1 9Г 3 313 303 304
Математика-9Г-5 3 8 1 1 11111111111111111111111111111111111 1 СавченкоЕИ 1 9Г 3 313 303 304
Информатика-9Г-1 4 8 1 2 11111111111111111111111111111111111 2 ЕевАВ БордунВН 1 9Г 2 209 210
Информатика-9Г-2 4 8 1 2 11111111111111111111111111111111111 2 ЕевАВ БордунВН 1 9Г 2 209 210
Химия-9Г-1 5 8 1 1 11111111111111111111111111111111111 1 ТалаковаВА 1 9Г 1 412
Химия-9Г-2 5 8 1 1 11111111111111111111111111111111111 1 ТалаковаВА 1 9Г 1 412
Биология-9Г-1 6 8 1 1 11111111111111111111111111111111111 1 ТалаковаВА 1 9Г 1 412
Биология-9Г-2 6 8 1 1 11111111111111111111111111111111111 1 ТалаковаВА 1 9Г 1 412
География-9Г-1 7 8 1 1 11111111111111111111111111111111111 1 АлександроваАМ 1 9Г 1 305
География-9Г-2 7 8 1 1 11111111111111111111111111111111111 1 АлександроваАМ 1 9Г 1 305
История-9Г-1 8 8 1 1 11111111111111111111111111111111111 1 БольщиковаНФ 1 9Г 3 403 401 404
История-9Г-2 8 8 1 1 11111111111111111111111111111111111 1 БольщиковаНФ 1 9Г 3 403 401 404
Общество-9Г-1 9 8 1 1 11111111111111111111111111111111111 1 ЛяшенкоЮГ 1 9Г 1 401
Английский-9Г-1 10 8 1 2 11111111111111111111111111111111111 2 ПавленкоОП МалаковаОВ 1 9Г 5 407 401 214 207 405 
Английский-9Г-2 10 8 1 2 11111111111111111111111111111111111 2 ПавленкоОП МалаковаОВ 1 9Г 5 407 401 214 207 405 
Английский-9Г-3 10 8 1 2 11111111111111111111111111111111111 2 ПавленкоОП МалаковаОВ 1 9Г 5 407 401 214 207 405 
ФизРа-9Г-1 11 8 1 1 11111111111111111111111111111111111 1 ХрулевОА 1 9Г 2 Зал1 Зал2
ФизРа-9Г-1 11 8 1 1 11111111111111111111111111111111111 1 ХрулевОА 1 9Г 2 Зал1 Зал2
ФизРа-9Г-1 11 8 1 1 11111111111111111111111111111111111 1 ХрулевОА 1 9Г 2 Зал1 Зал2
ОБЖ-9Г-1 12 8 1 1 11111111111111111111111111111111111 1 СавченкоЕИ 1 9Г 3 313 303 304
Искусство-9Г-1 13 8 1 1 11111111111111111111111111111111111 1 СабитоваИВ 1 9Г 1 Библиотека
Физика-8А-1 1 8 1 1 11111111111111111111111111111111111 1 БордунИВ 1 8А 1 313
Физика-8А-2 1 8 1 1 11111111111111111111111111111111111 1 БордунИВ 1 8А 1 313
Русский-8А-1 2 8 1 1 11111111111111111111111111111111111 1 АсаеваГС 1 8А 1 309
Русский-8А-2 2 8 1 1 11111111111111111111111111111111111 1 АсаеваГС 1 8А 1 309
Русский-8А-3 2 8 1 1 11111111111111111111111111111111111 1 АсаеваГС 1 8А 1 309
Литература-8А-1 15 8 1 1 11111111111111111111111111111111111 1 ХрулеваНВ 1 8А 1 402
Литература-8А-2 15 8 1 1 11111111111111111111111111111111111 1 ХрулеваНВ 1 8А 1 402
Математика-8А-1 3 8 1 1 11111111111111111111111111111111111 1 СавченкоЕИ 1 8А 3 313 303 304
Математика-8А-2 3 8 1 1 11111111111111111111111111111111111 1 СавченкоЕИ 1 8А 3 313 303 304
Математика-8А-3 3 8 1 1 11111111111111111111111111111111111 1 СавченкоЕИ 1 8А 3 313 303 304
Математика-8А-4 3 8 1 1 11111111111111111111111111111111111 1 СавченкоЕИ 1 8А 3 313 303 304
Математика-8А-5 3 8 1 1 11111111111111111111111111111111111 1 СавченкоЕИ 1 8А 3 313 303 304
Информатика-8А-1 4 8 1 2 11111111111111111111111111111111111 2 ЕевАВ БордунВН 1 8А 2 209 210
Информатика-8А-2 4 8 1 2 11111111111111111111111111111111111 2 ЕевАВ БордунВН 1 8А 2 209 210
Химия-8А-1 5 8 1 1 11111111111111111111111111111111111 1 БубноваЛД 1 8А 1 414
Химия-8А-2 5 8 1 1 11111111111111111111111111111111111 1 БубноваЛД 1 8А 1 414
Биология-8А-1 6 8 1 1 11111111111111111111111111111111111 1 БубноваЛД 1 8А 1 414
Биология-8А-2 6 8 1 1 11111111111111111111111111111111111 1 БубноваЛД 1 8А 1 414
География-8А-1 7 8 1 1 11111111111111111111111111111111111 1 АлександроваАМ 1 8А 1 305
География-8А-2 7 8 1 1 11111111111111111111111111111111111 1 АлександроваАМ 1 8А 1 305
История-8А-1 8 8 1 1 11111111111111111111111111111111111 1 БольщиковаНФ 1 8А 3 403 401 404
История-8А-2 8 8 1 1 11111111111111111111111111111111111 1 БольщиковаНФ 1 8А 3 403 401 404
Общество-8А-1 9 8 1 1 11111111111111111111111111111111111 1 ЛяшенкоЮГ 1 8А 1 401
Основы-мракобесия-8А-1 16 8 1 1 11111111111111111111111111111111111 1 ЛяшенкоЮГ 1 8А 1 401
Английский-8А-1 10 8 1 2 11111111111111111111111111111111111 2 ПавленкоОП СимоноваНВ 1 8А 2 214 405
Английский-8А-2 10 8 1 2 11111111111111111111111111111111111 2 ПавленкоОП СимоноваНВ 1 8А 2 214 405
Английский-8А-3 10 8 1 2 11111111111111111111111111111111111 2 ПавленкоОП СимоноваНВ 1 8А 2 214 405
ФизРа-8А-1 11 8 1 1 11111111111111111111111111111111111 1 БеловаАВ 1 8А 2 Зал1 Зал2
ФизРа-8А-1 11 8 1 1 11111111111111111111111111111111111 1 БеловаАВ 1 8А 2 Зал1 Зал2
ОБЖ-8А-1 12 8 1 1 11111111111111111111111111111111111 1 СимоноваНВ 1 8А 1 405
Искусство-8А-1 13 8 1 1 11111111111111111111111111111111111 1 АбрамоваНА 1 8А 1 Библиотека
Труд-8А-1 14 8 1 1 11111111111111111111111111111111111 2 КуракинаЕА ГильмутдиновШН 1 8А 2 Труд1 Труд2
Физика-8Б-1 1 8 1 1 11111111111111111111111111111111111 1 БордунИВ 1 8Б 1 313
Физика-8Б-2 1 8 1 1 11111111111111111111111111111111111 1 БордунИВ 1 8Б 1 313
Русский-8Б-1 2 8 1 1 11111111111111111111111111111111111 1 АсаеваГС 1 8Б 1 309
Русский-8Б-2 2 8 1 1 11111111111111111111111111111111111 1 АсаеваГС 1 8Б 1 309
Русский-8Б-3 2 8 1 1 11111111111111111111111111111111111 1 АсаеваГС 1 8Б 1 309
Литература-8Б-1 15 8 1 1 11111111111111111111111111111111111 1 АсаеваГС 1 8Б 1 309
Литература-8Б-2 15 8 1 1 11111111111111111111111111111111111 1 АсаеваГС 1 8Б 1 309
Математика-8Б-1 3 8 1 1 11111111111111111111111111111111111 1 ОсташеваИЮ 1 8Б 1 415
Математика-8Б-2 3 8 1 1 11111111111111111111111111111111111 1 ОсташеваИЮ 1 8Б 1 415
Математика-8Б-3 3 8 1 1 11111111111111111111111111111111111 1 ОсташеваИЮ 1 8Б 1 415
Математика-8Б-4 3 8 1 1 11111111111111111111111111111111111 1 ОсташеваИЮ 1 8Б 1 415
Математика-8Б-5 3 8 1 1 11111111111111111111111111111111111 1 ОсташеваИЮ 1 8Б 1 415
Информатика-8Б-1 4 8 1 2 11111111111111111111111111111111111 2 ЕевАВ БордунВН 1 8Б 2 209 210
Информатика-8Б-2 4 8 1 2 11111111111111111111111111111111111 2 ЕевАВ БордунВН 1 8Б 2 209 210
Химия-8Б-1 5 8 1 1 11111111111111111111111111111111111 1 ТалаковаВА 1 8Б 1 412
Химия-8Б-2 5 8 1 1 11111111111111111111111111111111111 1 ТалаковаВА 1 8Б 1 412
Биология-8Б-1 6 8 1 1 11111111111111111111111111111111111 1 ТалаковаВА 1 8Б 1 412
Биология-8Б-2 6 8 1 1 11111111111111111111111111111111111 1 ТалаковаВА 1 8Б 1 412
География-8Б-1 7 8 1 1 11111111111111111111111111111111111 1 АлександроваАМ 1 8Б 1 305
География-8Б-2 7 8 1 1 11111111111111111111111111111111111 1 АлександроваАМ 1 8Б 1 305
История-8Б-1 8 8 1 1 11111111111111111111111111111111111 1 БольщиковаНФ 1 8Б 3 403 401 404
История-8Б-2 8 8 1 1 11111111111111111111111111111111111 1 БольщиковаНФ 1 8Б 3 403 401 404
Общество-8Б-1 9 8 1 1 11111111111111111111111111111111111 1 ЛяшенкоЮГ 1 8Б 1 401
Основы-мракобесия-8Б-1 16 8 1 1 11111111111111111111111111111111111 1 ЛяшенкоЮГ 1 8Б 1 401
Английский-8Б-1 10 8 1 2 11111111111111111111111111111111111 2 ЛяшенкоЮГ СимоноваНВ 1 8Б 2 401 405
Английский-8Б-2 10 8 1 2 11111111111111111111111111111111111 2 ЛяшенкоЮГ СимоноваНВ 1 8Б 2 401 405
Английский-8Б-3 10 8 1 2 11111111111111111111111111111111111 2 ЛяшенкоЮГ СимоноваНВ 1 8Б 2 401 405
ФизРа-8Б-1 11 8 1 1 11111111111111111111111111111111111 1 БеловаАВ 1 8Б 2 Зал1 Зал2
ФизРа-8Б-1 11 8 1 1 11111111111111111111111111111111111 1 БеловаАВ 1 8Б 2 Зал1 Зал2
ОБЖ-8Б-1 12 8 1 1 11111111111111111111111111111111111 1 ЛяшенкоЮГ 1 8Б 1 401
Искусство-8Б-1 13 8 1 1 11111111111111111111111111111111111 1 АбрамоваНА 1 8Б 1 Библиотека
Труд-8Б-1 14 8 1 1 11111111111111111111111111111111111 2 КуракинаЕА ГильмутдиновШН 1 8Б 2 Труд1 Труд2
Физика-8В-1 1 8 1 1 11111111111111111111111111111111111 1 БордунИВ 1 8В 1 313
Физика-8В-2 1 8 1 1 11111111111111111111111111111111111 1 БордунИВ 1 8В 1 313
Русский-8В-1 2 8 1 1 11111111111111111111111111111111111 1 ДорошенкоЮВ 1 8В 1 312
Русский-8В-2 2 8 1 1 11111111111111111111111111111111111 1 ДорошенкоЮВ 1 8В 1 312
Русский-8В-3 2 8 1 1 11111111111111111111111111111111111 1 ДорошенкоЮВ 1 8В 1 312
Литература-8В-1 15 8 1 1 11111111111111111111111111111111111 1 ДорошенкоЮВ 1 8В 1 312
Литература-8В-2 15 8 1 1 11111111111111111111111111111111111 1 ДорошенкоЮВ 1 8В 1 312
Математика-8В-1 3 8 1 1 11111111111111111111111111111111111 1 ЩукинаЛВ 1 8В 1 304
Математика-8В-2 3 8 1 1 11111111111111111111111111111111111 1 ЩукинаЛВ 1 8В 1 304
Математика-8В-3 3 8 1 1 11111111111111111111111111111111111 1 ЩукинаЛВ 1 8В 1 304
Математика-8В-4 3 8 1 1 11111111111111111111111111111111111 1 ЩукинаЛВ 1 8В 1 304
Математика-8В-5 3 8 1 1 11111111111111111111111111111111111 1 ЩукинаЛВ 1 8В 1 304
Информатика-8В-1 4 8 1 2 11111111111111111111111111111111111 2 ЕевАВ БордунВН 1 8В 2 209 210
Информатика-8В-2 4 8 1 2 11111111111111111111111111111111111 2 ЕевАВ БордунВН 1 8В 2 209 210
Химия-8В-1 5 8 1 1 11111111111111111111111111111111111 1 ТалаковаВА 1 8В 1 412
Химия-8В-2 5 8 1 1 11111111111111111111111111111111111 1 ТалаковаВА 1 8В 1 412
Биология-8В-1 6 8 1 1 11111111111111111111111111111111111 1 ТалаковаВА 1 8В 1 412
Биология-8В-2 6 8 1 1 11111111111111111111111111111111111 1 ТалаковаВА 1 8В 1 412
География-8В-1 7 8 1 1 11111111111111111111111111111111111 1 АлександроваАМ 1 8В 1 305
География-8В-2 7 8 1 1 11111111111111111111111111111111111 1 АлександроваАМ 1 8В 1 305
История-8В-1 8 8 1 1 11111111111111111111111111111111111 1 ОвчинниковДВ 1 8В 1 403
История-8В-2 8 8 1 1 11111111111111111111111111111111111 1 ОвчинниковДВ 1 8В 1 403
Общество-8В-1 9 8 1 1 11111111111111111111111111111111111 1 ЛяшенкоЮГ 1 8В 1 401
Основы-мракобесия-8В-1 16 8 1 1 11111111111111111111111111111111111 1 ЛяшенкоЮГ 1 8В 1 401
Английский-8В-1 10 8 1 2 11111111111111111111111111111111111 2 ИевлеваВВ СимоноваНВ 1 8В 2 207 405
Английский-8В-2 10 8 1 2 11111111111111111111111111111111111 2 ИевлеваВВ СимоноваНВ 1 8В 2 207 405
Английский-8В-3 10 8 1 2 11111111111111111111111111111111111 2 ИевлеваВВ СимоноваНВ 1 8В 2 207 405
ФизРа-8В-1 11 8 1 1 11111111111111111111111111111111111 1 АлиевСН 1 8В 2 Зал1 Зал2
ФизРа-8В-1 11 8 1 1 11111111111111111111111111111111111 1 АлиевСН 1 8В 2 Зал1 Зал2
ОБЖ-8В-1 12 8 1 1 11111111111111111111111111111111111 1 ТалаковаВА 1 8В 1 412
Искусство-8В-1 13 8 1 1 11111111111111111111111111111111111 1 АбрамоваНА 1 8В 1 Библиотека
Труд-8В-1 14 8 1 1 11111111111111111111111111111111111 2 КуракинаЕА ГильмутдиновШН 1 8В 2 Труд1 Труд2
Физика-8Г-1 1 8 1 1 11111111111111111111111111111111111 1 БордунИВ 1 8Г 1 313
Физика-8Г-2 1 8 1 1 11111111111111111111111111111111111 1 БордунИВ 1 8Г 1 313
Русский-8Г-1 2 8 1 1 11111111111111111111111111111111111 1 ДьяковаОИ 1 8Г 1 302
Русский-8Г-2 2 8 1 1 11111111111111111111111111111111111 1 ДьяковаОИ 1 8Г 1 302
Русский-8Г-3 2 8 1 1 11111111111111111111111111111111111 1 ДьяковаОИ 1 8Г 1 302
Литература-8Г-1 15 8 1 1 11111111111111111111111111111111111 1 ВасинаЛМ 1 8Г 1 Библиотека
Литература-8Г-2 15 8 1 1 11111111111111111111111111111111111 1 ВасинаЛМ 1 8Г 1 Библиотека
Математика-8Г-1 3 8 1 1 11111111111111111111111111111111111 1 ЩукинаЛВ 1 8Г 1 304
Математика-8Г-2 3 8 1 1 11111111111111111111111111111111111 1 ЩукинаЛВ 1 8Г 1 304
Математика-8Г-3 3 8 1 1 11111111111111111111111111111111111 1 ЩукинаЛВ 1 8Г 1 304
Математика-8Г-4 3 8 1 1 11111111111111111111111111111111111 1 ЩукинаЛВ 1 8Г 1 304
Математика-8Г-5 3 8 1 1 11111111111111111111111111111111111 1 ЩукинаЛВ 1 8Г 1 304
Информатика-8Г-1 4 8 1 2 11111111111111111111111111111111111 2 ЕевАВ БордунВН 1 8Г 2 209 210
Информатика-8Г-2 4 8 1 2 11111111111111111111111111111111111 2 ЕевАВ БордунВН 1 8Г 2 209 210
Химия-8Г-1 5 8 1 1 11111111111111111111111111111111111 1 БубноваЛД 1 8Г 1 414
Химия-8Г-2 5 8 1 1 11111111111111111111111111111111111 1 БубноваЛД 1 8Г 1 414
Биология-8Г-1 6 8 1 1 11111111111111111111111111111111111 1 БубноваЛД 1 8Г 1 414
Биология-8Г-2 6 8 1 1 11111111111111111111111111111111111 1 БубноваЛД 1 8Г 1 414
География-8Г-1 7 8 1 1 11111111111111111111111111111111111 1 АлександроваАМ 1 8Г 1 305
География-8Г-2 7 8 1 1 11111111111111111111111111111111111 1 АлександроваАМ 1 8Г 1 305
История-8Г-1 8 8 1 1 11111111111111111111111111111111111 1 ОвчинниковДВ 1 8Г 1 403
История-8Г-2 8 8 1 1 11111111111111111111111111111111111 1 ОвчинниковДВ 1 8Г 1 403
Общество-8В-1 9 8 1 1 11111111111111111111111111111111111 1 ЛяшенкоЮГ 1 8Г 1 401
Основы-мракобесия-8Г-1 16 8 1 1 11111111111111111111111111111111111 1 ЛяшенкоЮГ 1 8Г 1 401
Английский-8Г-1 10 8 1 2 11111111111111111111111111111111111 2 ГорловаТГ МалаковаОВ 1 8Г 2 407 214
Английский-8Г-2 10 8 1 2 11111111111111111111111111111111111 2 ГорловаТГ МалаковаОВ 1 8Г 2 407 214
Английский-8Г-3 10 8 1 2 11111111111111111111111111111111111 2 ГорловаТГ МалаковаОВ 1 8Г 2 407 214
ФизРа-8Г-1 11 8 1 1 11111111111111111111111111111111111 1 ХрулевОА 1 8Г 2 Зал1 Зал2
ФизРа-8Г-1 11 8 1 1 11111111111111111111111111111111111 1 ХрулевОА 1 8Г 2 Зал1 Зал2
ОБЖ-8Г-1 12 8 1 1 11111111111111111111111111111111111 1 ВасинаЛМ 1 8Г 1 Библиотека
Искусство-8Г-1 13 8 1 1 11111111111111111111111111111111111 1 АбрамоваНА 1 8Г 1 Библиотека
Труд-8Г-1 14 8 1 1 11111111111111111111111111111111111 2 КуракинаЕА ГильмутдиновШН 1 8Г 2 Труд1 Труд2