ПриходькоЕН 00000001111111111111100000000000000 0 0 0 0 0 0 0 10 10 10 10 10 10 10 10 10 10 10 10 10 10 0 0 0 0 0 0 0 0 0 0 0 0 0 0
ДьяковаОИ 00000001111111111111111111110000000 0 0 0 0 0 0 0 10 10 10 10 10 10 10 10 10 10 10 10 10 10 10 10 10 10 10 10 10 0 0 0 0 0 0 0
АсаеваГС 11111111111111111111100000001111111 10 10 10 10 10 10 10 10 10 10 10 10 10 10 10 10 10 10 10 10 10 0 0 0 0 0 0 0 10 10 10 10 10 10 10
ВасинаЛМ 11111110000000000000000000001111111 10 10 10 10 10 10 10 0 0 0 0 0 0 0 0 0 0 0 0 0 0 0 0 0 0 0 0 0 10 10 10 10 10 10 10
ДорошенкоЮВ 11111111111111111111111111111111111 10 10 10 10 10 10 10 10 10 10 10 10 10 10 10 10 10 10 10 10 10 10 10 10 10 10 10 10 10 10 10 10 10 10 10
МироповаЛА 11111110000000111111100000001111111 10 10 10 10 10 10 10 0 0 0 0 0 0 0 10 10 10 10 10 10 10 0 0 0 0 0 0 0 10 10 10 10 10 10 10
СаввонИИ 00000000000000000000000000000000000 0 0 0 0 0 0 0 0 0 0 0 0 0 0 0 0 0 0 0 0 0 0 0 0 0 0 0 0 0 0 0 0 0 0 0
ТюменцеваСН 11111111111111000000011111111111111 10 10 10 10 10 10 10 10 10 10 10 10 10 10 0 0 0 0 0 0 0 10 10 10 10 10 10 10 10 10 10 10 10 10 10
ХрулеваНВ 11111111111111111111111111111111111 10 10 10 10 10 10 10 10 10 10 10 10 10 10 10 10 10 10 10 10 10 10 10 10 10 10 10 10 10 10 10 10 10 10 10
БолотоваИИ 11111111111111111111111111111111111 10 10 10 10 10 10 10 10 10 10 10 10 10 10 10 10 10 10 10 10 10 10 10 10 10 10 10 10 10 10 10 10 10 10 10
БордунИВ 11111111111111111111111111111111111 10 10 10 10 10 10 10 10 10 10 10 10 10 10 10 10 10 10 10 10 10 10 10 10 10 10 10 10 10 10 10 10 10 10 10
ОсташеваИЮ 11111111111111111111111111111111111 10 10 10 10 10 10 10 10 10 10 10 10 10 10 10 10 10 10 10 10 10 10 10 10 10 10 10 10 10 10 10 10 10 10 10
СавченкоЕИ 11111111111111111111111111111111111 10 10 10 10 10 10 10 10 10 10 10 10 10 10 10 10 10 10 10 10 10 10 10 10 10 10 10 10 10 10 10 10 10 10 10
ЩукинаЛВ 11111111111111111111111111111111111 10 10 10 10 10 10 10 10 10 10 10 10 10 10 10 10 10 10 10 10 10 10 10 10 10 10 10 10 10 10 10 10 10 10 10
ЯхьяеваДМ 00000000000000000000000000000000000 0 0 0 0 0 0 0 0 0 0 0 0 0 0 0 0 0 0 0 0 0 0 0 0 0 0 0 0 0 0 0 0 0 0 0
ЕевАВ 11111110000000111111111111111111111 10 10 10 10 10 10 10 0 0 0 0 0 0 0 10 10 10 10 10 10 10 10 10 10 10 10 10 10 10 10 10 10 10 10 10
БордунВН 11111110000000111111111111111111111 10 10 10 10 10 10 10 0 0 0 0 0 0 0 10 10 10 10 10 10 10 10 10 10 10 10 10 10 10 10 10 10 10 10 10
БубноваЛД 11111111111111111111111111110000000 10 10 10 10 10 10 10 10 10 10 10 10 10 10 10 10 10 10 10 10 10 10 10 10 10 10 10 10 0 0 0 0 0 0 0
ТалаковаВА 00000001111111111111111111111111111 0 0 0 0 0 0 0 10 10 10 10 10 10 10 10 10 10 10 10 10 10 10 10 10 10 10 10 10 10 10 10 10 10 10 10
АлександроваАМ 11111111111111000000011111111111111 10 10 10 10 10 10 10 10 10 10 10 10 10 10 0 0 0 0 0 0 0 10 10 10 10 10 10 10 10 10 10 10 10 10 10
ГерасимоваИМ 11111110000000111111111111111111111 10 10 10 10 10 10 10 0 0 0 0 0 0 0 10 10 10 10 10 10 10 10 10 10 10 10 10 10 10 10 10 10 10 10 10
ОвчинниковДВ 11111110000000111111111111111111111 10 10 10 10 10 10 10 0 0 0 0 0 0 0 10 10 10 10 10 10 10 10 10 10 10 10 10 10 10 10 10 10 10 10 10
БольщиковаНФ 11111111111111111111111111110000000 10 10 10 10 10 10 10 10 10 10 10 10 10 10 10 10 10 10 10 10 10 10 10 10 10 10 10 10 0 0 0 0 0 0 0
ОметюхМН 00000000000000000000000000000000000 0 0 0 0 0 0 0 0 0 0 0 0 0 0 0 0 0 0 0 0 0 0 0 0 0 0 0 0 0 0 0 0 0 0 0
ЛяшенкоЮГ 11111111111111111111100000001111111 10 10 10 10 10 10 10 10 10 10 10 10 10 10 10 10 10 10 10 10 10 0 0 0 0 0 0 0 10 10 10 10 10 10 10
МалаковаОВ 11111111111111111111111111111111111 10 10 10 10 10 10 10 10 10 10 10 10 10 10 10 10 10 10 10 10 10 10 10 10 10 10 10 10 10 10 10 10 10 10 10
ГорловаТГ 11111111111111111111111111111111111 10 10 10 10 10 10 10 10 10 10 10 10 10 10 10 10 10 10 10 10 10 10 10 10 10 10 10 10 10 10 10 10 10 10 10
ПавленкоОП 11111111111111111111100000001111111 10 10 10 10 10 10 10 10 10 10 10 10 10 10 10 10 10 10 10 10 10 0 0 0 0 0 0 0 10 10 10 10 10 10 10
ИевлеваВВ 11111111111111111111111111111111111 10 10 10 10 10 10 10 10 10 10 10 10 10 10 10 10 10 10 10 10 10 10 10 10 10 10 10 10 10 10 10 10 10 10 10
СимоноваНВ 11111111111111111111111111111111111 10 10 10 10 10 10 10 10 10 10 10 10 10 10 10 10 10 10 10 10 10 10 10 10 10 10 10 10 10 10 10 10 10 10 10
СтецикАВ 00000000000000000000000000000000000 0 0 0 0 0 0 0 0 0 0 0 0 0 0 0 0 0 0 0 0 0 0 0 0 0 0 0 0 0 0 0 0 0 0 0
ИльиныхАГ 00000000000000000000000000000000000 0 0 0 0 0 0 0 0 0 0 0 0 0 0 0 0 0 0 0 0 0 0 0 0 0 0 0 0 0 0 0 0 0 0 0
ГавриловаАА 00000000000000000000000000000000000 0 0 0 0 0 0 0 0 0 0 0 0 0 0 0 0 0 0 0 0 0 0 0 0 0 0 0 0 0 0 0 0 0 0 0
КуракинаЕА 11111111111111111111111111110000000 10 10 10 10 10 10 10 10 10 10 10 10 10 10 10 10 10 10 10 10 10 10 10 10 10 10 10 10 0 0 0 0 0 0 0
ГильмутдиновШН 11111111111111111111111111110000000 10 10 10 10 10 10 10 10 10 10 10 10 10 10 10 10 10 10 10 10 10 10 10 10 10 10 10 10 0 0 0 0 0 0 0
БеловаАВ 11111111111111111111111111111111111 10 10 10 10 10 10 10 10 10 10 10 10 10 10 10 10 10 10 10 10 10 10 10 10 10 10 10 10 10 10 10 10 10 10 10
КиселеваЕБ 11111111111111111111111111111111111 10 10 10 10 10 10 10 10 10 10 10 10 10 10 10 10 10 10 10 10 10 10 10 10 10 10 10 10 10 10 10 10 10 10 10
ТарабринГВ 11111111111111111111111111111111111 10 10 10 10 10 10 10 10 10 10 10 10 10 10 10 10 10 10 10 10 10 10 10 10 10 10 10 10 10 10 10 10 10 10 10
ХрулевОА 00000001111111000000011111111111111 0 0 0 0 0 0 0 10 10 10 10 10 10 10 0 0 0 0 0 0 0 10 10 10 10 10 10 10 10 10 10 10 10 10 10
АлиевСН 11111110000000111111111111111111111 10 10 10 10 10 10 10 0 0 0 0 0 0 0 10 10 10 10 10 10 10 10 10 10 10 10 10 10 10 10 10 10 10 10 10
ЛатышеваОА 00000000000000000000000000000000000 0 0 0 0 0 0 0 0 0 0 0 0 0 0 0 0 0 0 0 0 0 0 0 0 0 0 0 0 0 0 0 0 0 0 0
МокроусоваНЮ 00000000000000000000000000000000000 0 0 0 0 0 0 0 0 0 0 0 0 0 0 0 0 0 0 0 0 0 0 0 0 0 0 0 0 0 0 0 0 0 0 0
АбрамоваНА 11111111111111111111111111111111111 10 10 10 10 10 10 10 10 10 10 10 10 10 10 10 10 10 10 10 10 10 10 10 10 10 10 10 10 10 10 10 10 10 10 10
СабитоваИВ 00000001111111111111111111111111111 0 0 0 0 0 0 0 10 10 10 10 10 10 10 10 10 10 10 10 10 10 10 10 10 10 10 10 10 10 10 10 10 10 10 10
